0 0.970789 0.064151 0.017203 0.058945
0 0.345266 0.176147 0.043938 0.151193
0 0.948594 0.819266 0.050719 0.224862
0 0.907531 0.824312 0.049344 0.190459
0 0.850273 0.738211 0.042484 0.245138
0 0.916930 0.045023 0.016797 0.051514
0 0.991273 0.032385 0.017203 0.064771
0 0.900953 0.033486 0.014344 0.048073
0 0.434969 0.096239 0.033781 0.124220
0 0.953789 0.067775 0.016797 0.058945
0 0.880922 0.172087 0.013875 0.118303
0 0.939664 0.058142 0.016391 0.051697
0 0.129867 0.468693 0.043609 0.246193
0 0.981445 0.091193 0.021297 0.055321
0 0.855156 0.152844 0.017875 0.107706
0 0.911531 0.201491 0.020875 0.123440
0 0.445289 0.169381 0.045922 0.181972
0 0.931305 0.221124 0.026453 0.120138
0 0.891320 0.025665 0.013922 0.042064
0 0.838242 0.141674 0.022047 0.119954
0 0.897961 0.190573 0.018766 0.122248
0 0.867898 0.165092 0.015203 0.115505
0 0.594688 0.179037 0.037062 0.145413
