0 0.759961 0.713146 0.018172 0.052958
0 0.743633 0.716281 0.019172 0.052063
0 0.830586 0.726667 0.019047 0.091667
0 0.904016 0.725031 0.024906 0.081229
0 0.142469 0.688188 0.013312 0.016083
0 0.474437 0.782344 0.052969 0.160896
0 0.820312 0.710969 0.020938 0.051312
0 0.276742 0.853010 0.117484 0.280062
0 0.511195 0.776260 0.032703 0.164938
0 0.314086 0.731896 0.036016 0.087875
0 0.864461 0.728177 0.024578 0.092896
0 0.690461 0.688677 0.012453 0.031854
0 0.227055 0.719354 0.026141 0.080417
0 0.422133 0.755906 0.032797 0.135896
0 0.350086 0.735448 0.034422 0.080771
0 0.201789 0.716677 0.021359 0.079771
0 0.392883 0.764094 0.046266 0.168646
0 0.361164 0.753187 0.026203 0.150083
0 0.138695 0.702594 0.031922 0.036188
0 0.419898 0.659042 0.029891 0.049125
0 0.924547 0.724135 0.024906 0.088396
0 0.286867 0.701063 0.025797 0.038208
0 0.849836 0.726167 0.023172 0.082708
