0 0.611992 0.770643 0.017047 0.037687
0 0.866219 0.770152 0.010094 0.032500
0 0.370297 0.765175 0.016875 0.062033
0 0.395609 0.772535 0.015000 0.063435
0 0.435000 0.781472 0.012656 0.037150
0 0.879539 0.766542 0.012672 0.049953
0 0.641766 0.775386 0.014500 0.033481
0 0.165469 0.774182 0.010656 0.029579
0 0.477969 0.764334 0.015719 0.050818
0 0.919859 0.762897 0.013813 0.029720
0 0.181953 0.768879 0.019281 0.047804
0 0.854773 0.763329 0.010953 0.040911
0 0.523375 0.756741 0.013187 0.037173
0 0.325648 0.760444 0.013828 0.043458
0 0.340766 0.771308 0.014063 0.051869
0 0.630445 0.775771 0.012734 0.029673
0 0.224633 0.766063 0.015672 0.034790
0 0.537344 0.752757 0.012188 0.033178
0 0.366312 0.783400 0.008437 0.038902
0 0.203102 0.770935 0.020109 0.039953
